   0.000     0.000     0.000     0.000     0.000     0.000
   0.000     0.000     0.000     0.000     0.000     0.000
   0.000     0.000     0.000     0.000     0.000     0.000
   0.000     0.000     0.000     0.000     0.000     0.000
   0.000     0.000     0.000     0.000     0.000     0.000
   0.000    -0.086     0.000    -0.050     0.000    -0.002
   0.000    -0.104     0.000    -0.172     0.000    -0.015
   0.000    -0.111     0.000    -0.424     0.000    -0.073
   0.000    -0.103     0.000    -0.549     0.000    -0.122
   0.000    -0.114     0.000    -0.677     0.000    -0.182
   0.000    -0.137     0.000    -0.824     0.000    -0.257
   0.000    -0.164     0.000    -1.000     0.000    -0.347
   0.000    -0.136     0.000    -1.175     0.000    -0.455
   0.000    -0.149     0.000    -1.342     0.000    -0.579
   0.000    -0.205     0.000    -1.568     0.000    -0.736
   0.000    -0.198     0.000    -1.804     0.000    -0.903
   0.000    -0.204     0.000    -2.040     0.000    -1.093
   0.000    -0.285     0.000    -2.326     0.000    -1.310
   0.000    -0.226     0.000    -2.626     0.000    -1.555
   0.000    -0.276     0.000    -2.920     0.000    -1.829
   0.000    -0.327     0.000    -3.273     0.000    -2.136
   0.000    -0.366     0.000    -3.679     0.000    -2.480
   0.000    -0.321     0.000    -4.081     0.000    -2.864
   0.000    -0.294     0.000    -4.474     0.000    -3.326
   0.000    -0.356     0.000    -4.854     0.000    -3.788
   0.000    -0.370     0.000    -4.854     0.000    -3.788
   0.000    -0.414     0.000    -5.063     0.000    -4.011
   0.000    -0.378     0.000    -5.316     0.000    -4.291
   0.000    -0.441     0.000    -5.534     0.000    -4.535
